cpu  10943425 796 2069819 11086654 149203 0 516251 0 0 0
cpu0 965939 130 252381 1790474 16422 0 263541 0 0 0
cpu1 980659 373 264994 1763948 15864 0 158005 0 0 0
cpu2 1523774 16 258619 1236341 19857 0 18998 0 0 0
cpu3 1520981 133 252213 1248913 17689 0 19315 0 0 0
cpu4 1471519 22 267485 1272525 18183 0 12173 0 0 0
cpu5 1472123 42 269101 1270685 18353 0 13650 0 0 0
cpu6 1519670 20 253897 1239941 17265 0 15489 0 0 0
cpu7 1488758 58 251126 1263823 25569 0 15078 0 0 0
intr 723306908 36 9 0 0 1828 0 0 0 1 0 0 0 152 0 0 0 0 0 0 0 0 0 0 0 0 0 1 1271700 22 457812 507513 287245 287343 267062 258658 246724 247032 0 5 0 1807113 1602564 1300390 1640021 1089316 934942 1423585 1106659 1358681 1051774 2405997 989300 2120771 1049701 1619352 971744 0 0 0 0 0 0 0 0 0 0 0 0 0 0 0 0 0 0 0 0 0 0 0 0 0 0 0 0 0 0 0 0 0 0 0 0 0 0 0 0 0 0 0 0 0 0 0 0 0 0 0 0 0 0 0 0 0 0 0 0 0 0 0 0 0 0 0 0 0 0 0 0 0 0 0 0 0 0 0 0 0 0 0 0 0 0 0 0 0 0 0 0 0 0 0 0 0 0 0 0 0 0 0 0 0 0 0 0 0 0 0 0 0 0 0 0 0 0 0 0 0 0 0 0 0 0 0 0 0 0 0 0 0 0 0 0 0 0 0 0 0 0 0 0 0 0 0 0 0 0 0 0 0 0 0 0 0 0 0 0 0 0 0 0 0 0 0 0 0 0 0 0 0 0 0 0 0 0 0 0 0 0 0 0 0 0 0 0 0 0 0 0 0 0 0 0 0 0 0 0 0 0 0 0 0 0 0 0 0 0 0 0 0 0 0 0 0 0 0 0 0 0 0 0 0 0 0 0 0 0 0 0 0 0 0 0 0 0 0 0 0 0 0 0 0 0 0 0 0 0 0 0 0 0 0 0 0 0 0 0 0 0 0 0 0 0 0 0 0 0 0 0 0 0 0 0 0 0 0 0 0 0 0 0 0 0 0 0 0 0 0 0 0 0 0 0 0 0 0 0 0 0 0 0 0 0 0 0 0 0 0 0 0 0 0 0 0 0 0 0 0 0 0 0 0 0 0 0 0 0 0 0 0 0 0 0 0 0 0 0 0 0 0 0 0 0 0 0 0 0 0 0 0 0 0 0 0 0 0 0 0 0 0 0 0 0 0 0 0 0 0 0 0 0 0 0 0 0 0 0 0 0 0 0 0 0 0 0 0 0 0 0 0 0 0 0 0 0 0 0 0 0 0 0 0 0 0 0 0 0 0 0 0 0 0 0 0 0 0 0 0 0 0 0 0 0 0 0 0 0 0 0
ctxt 1259949153
btime 1636635933
processes 1139421
procs_running 26
procs_blocked 0
softirq 150075678 0 7293357 19566 25766002 1217659 0 1120914 31307523 186 83350471